SPP Baseline values

gcc = 0.31552


gemsFDTD = 3.449461


lbm = 1.994193

libquantum = 3.280295

mcf = 0.370686

milc = 1.296861

omnetpp = 1.967538

leslie3d =  1.664176


