SPP Baseline and new_spp values

gcc = 0.31552 ; 0.329098


gemsFDTD = 3.449461 ; 3.450970


lbm = 1.994193 ; 2.023791

libquantum = 3.280295 ; 3.297112

mcf = 0.370686 ; 0.357095

milc = 1.296861 ; 1.202067

omnetpp = 1.967538 ; 1.942997

leslie3d =  1.664176 ; 1.582264


